<?xml version="1.0"?>
<opencv_storage>
<_ type_id="opencv-matrix">
  <rows>3</rows>
  <cols>3</cols>
  <dt>f</dt>
  <data>
    2.69473907e+02 0. 6.37316933e+01 0. 2.69473907e+02 6.36728134e+01 0.
    0. 1.</data></_>
<_ type_id="opencv-matrix">
  <rows>3</rows>
  <cols>3</cols>
  <dt>f</dt>
  <data>
    2.70396698e+02 0. 6.36306381e+01 0. 2.70396698e+02 6.28649178e+01 0.
    0. 1.</data></_>
<_ type_id="opencv-matrix">
  <rows>3</rows>
  <cols>3</cols>
  <dt>f</dt>
  <data>
    2.70234375e+02 0. 6.34780426e+01 0. 2.70234375e+02 6.31363831e+01 0.
    0. 1.</data></_>
<_ type_id="opencv-matrix">
  <rows>3</rows>
  <cols>3</cols>
  <dt>f</dt>
  <data>
    2.70171753e+02 0. 6.36492691e+01 0. 2.70171753e+02 6.32672958e+01 0.
    0. 1.</data></_>
<_ type_id="opencv-matrix">
  <rows>3</rows>
  <cols>3</cols>
  <dt>f</dt>
  <data>
    2.70192474e+02 0. 6.37122116e+01 0. 2.70192474e+02 6.31082687e+01 0.
    0. 1.</data></_>
</opencv_storage>
