<?xml version="1.0"?>
<opencv_storage>
<_ type_id="opencv-matrix">
  <rows>3</rows>
  <cols>3</cols>
  <dt>f</dt>
  <data>
    1. 0. 0. 0. 1. 0. 0. 0. 1.</data></_>
<_ type_id="opencv-matrix">
  <rows>3</rows>
  <cols>3</cols>
  <dt>f</dt>
  <data>
    9.99195933e-01 -1.64303405e-04 -4.00899276e-02 6.48614732e-05
    9.99996603e-01 -2.48175813e-03 4.00902107e-02 2.47716322e-03
    9.99192894e-01</data></_>
<_ type_id="opencv-matrix">
  <rows>3</rows>
  <cols>3</cols>
  <dt>f</dt>
  <data>
    9.96784270e-01 -2.52381637e-04 -8.01260769e-02 1.31174733e-04
    9.99998331e-01 -1.51796220e-03 8.01263824e-02 1.50257186e-03
    9.96783078e-01</data></_>
<_ type_id="opencv-matrix">
  <rows>3</rows>
  <cols>3</cols>
  <dt>f</dt>
  <data>
    9.92930472e-01 -3.13431636e-04 -1.18693821e-01 2.01838906e-04
    9.99999225e-01 -9.52192815e-04 1.18694067e-01 9.21504921e-04
    9.92929995e-01</data></_>
<_ type_id="opencv-matrix">
  <rows>3</rows>
  <cols>3</cols>
  <dt>f</dt>
  <data>
    9.87575114e-01 -5.04096795e-04 -1.57144859e-01 2.74590537e-04
    9.99998629e-01 -1.48218195e-03 1.57145411e-01 1.42061629e-03
    9.87574220e-01</data></_>
</opencv_storage>
